 8.2000000000000E-01  8.6000000000000E-01  1.5778794057259E-01 -2.1174980195563E-01  2.6407387757669E-01  4.4945684950273E-02
 8.2000000000000E-01  8.8000000000000E-01  2.3113205084182E-01 -1.7588375061493E-01  2.9044296971475E-01  5.7174242281626E-02
 8.2000000000000E-01  9.0000000000000E-01  3.1551345765405E-01 -1.3860979497051E-01  3.4461778425174E-01  6.9136844779091E-02
 8.2000000000000E-01  9.2000000000000E-01  4.1261699914114E-01 -1.0137062061429E-01  4.2488679751667E-01  7.9626332604745E-02
 8.2000000000000E-01  9.4000000000000E-01  5.2470848259818E-01 -6.5983169289226E-02  5.2884096885542E-01  8.7393957306215E-02
 8.2000000000000E-01  9.6000000000000E-01  6.5525950543986E-01 -3.4799580098378E-02  6.5618292437727E-01  9.1068827944404E-02
 8.2000000000000E-01  9.8000000000000E-01  8.1033160486625E-01 -1.3385136527375E-02  8.1044214582225E-01  8.7183616818950E-02
 8.2000000000000E-01  1.0000000000000E+00  1.0000000000000E+00  0.0000000000000E+00  1.0000000000000E+00  8.7272213234604E-02
 8.4000000000000E-01  0.0000000000000E+00  0.0000000000000E+00  0.0000000000000E+00  0.0000000000000E+00  1.8694547012004E-02
 8.4000000000000E-01  2.0000000000000E-02 -1.2752034530153E-03 -3.3093290985196E-04  1.3174446619897E-03  1.8600043391294E-02
 8.4000000000000E-01  4.0000000000000E-02 -3.0820780508148E-03 -1.1011136708202E-03  3.2728666986881E-03  1.8265441587812E-02
 8.4000000000000E-01  6.0000000000000E-02 -5.2236195434348E-03 -2.4816328157845E-03  5.7831395078220E-03  1.8015590954164E-02
 8.4000000000000E-01  8.0000000000000E-02 -7.5924073419042E-03 -4.3952410125935E-03  8.7728440544777E-03  1.7781741300144E-02
 8.4000000000000E-01  1.0000000000000E-01 -1.0121405380585E-02 -6.8476579778378E-03  1.2220199125202E-02  1.7554726636194E-02
 8.4000000000000E-01  1.2000000000000E-01 -1.2775759534212E-02 -9.8469767263004E-03  1.6130188539639E-02  1.7345805408458E-02
 8.4000000000000E-01  1.4000000000000E-01 -1.5546397746151E-02 -1.3407548268606E-02  2.0529316439096E-02  1.7141671034455E-02
 8.4000000000000E-01  1.6000000000000E-01 -1.8443479010859E-02 -1.7551553738780E-02  2.5460144474635E-02  1.6951772229134E-02
 8.4000000000000E-01  1.8000000000000E-01 -2.1491613777884E-02 -2.2308118682043E-02  3.0976468841846E-02  1.6763405871279E-02
 8.4000000000000E-01  2.0000000000000E-01 -2.4725787835607E-02 -2.7713245881634E-02  3.7140120912396E-02  1.6585646358722E-02
 8.4000000000000E-01  2.2000000000000E-01 -2.8188184616439E-02 -3.3809605861159E-02  4.4018895947733E-02  1.6405320374194E-02
 8.4000000000000E-01  2.4000000000000E-01 -3.1925298598988E-02 -4.0646127020292E-02  5.1684933320884E-02  1.6230883573980E-02
 8.4000000000000E-01  2.6000000000000E-01 -3.5985576482061E-02 -4.8277297202745E-02  6.0213446504484E-02  1.6048388574104E-02
 8.4000000000000E-01  2.8000000000000E-01 -4.0417016552660E-02 -5.6762081063680E-02  6.9681195983549E-02  1.5865324515506E-02
 8.4000000000000E-01  3.0000000000000E-01 -4.5265006213438E-02 -6.6162359174704E-02  8.0164696463376E-02  1.5666558028636E-02
 8.4000000000000E-01  3.2000000000000E-01 -5.0569861614846E-02 -7.6540804154916E-02  9.1737700017092E-02  1.5458115561876E-02
 8.4000000000000E-01  3.4000000000000E-01 -5.6364380269465E-02 -8.7958105115400E-02  1.0446804113533E-01  1.5223096629952E-02
 8.4000000000000E-01  3.6000000000000E-01 -6.2670902194230E-02 -1.0046946259068E-01  1.1841349118702E-01  1.4965437399684E-02
 8.4000000000000E-01  3.8000000000000E-01 -6.9498229065285E-02 -1.1412028653516E-01  1.3361677904394E-01  1.4665864920172E-02
 8.4000000000000E-01  4.0000000000000E-01 -7.6837947992409E-02 -1.2894105585489E-01  1.5009952077424E-01  1.4325772688276E-02
 8.4000000000000E-01  4.2000000000000E-01 -8.4660581386611E-02 -1.4494133861868E-01  1.6785531174584E-01  1.3923401599310E-02
 8.4000000000000E-01  4.4000000000000E-01 -9.2911206458663E-02 -1.6210302995639E-01  1.8684187059288E-01  1.3458098136926E-02
 8.4000000000000E-01  4.6000000000000E-01 -1.0150509222278E-01 -1.8037295071454E-01  2.0697266751101E-01  1.2907064617960E-02
 8.4000000000000E-01  4.8000000000000E-01 -1.1032314775450E-01 -1.9965504995217E-01  2.2810816710908E-01  1.2270429218958E-02
 8.4000000000000E-01  5.0000000000000E-01 -1.1920789418622E-01 -2.1980258549381E-01  2.5004739276001E-01  1.1529043944610E-02
 8.4000000000000E-01  5.2000000000000E-01 -1.2795990832886E-01 -2.4061078304094E-01  2.7252025072479E-01  1.0690870604322E-02
 8.4000000000000E-01  5.4000000000000E-01 -1.3633556412691E-01 -2.6181061318765E-01  2.9518161057813E-01  9.7502694602032E-03
 8.4000000000000E-01  5.6000000000000E-01 -1.4404604948197E-01 -2.8306441752533E-01  3.1760782238528E-01  8.7359994601181E-03
 8.4000000000000E-01  5.8000000000000E-01 -1.5075839038034E-01 -3.0396417863592E-01  3.3929679362452E-01  7.6720052371077E-03
 8.4000000000000E-01  6.0000000000000E-01 -1.5609820305256E-01 -3.2403319125380E-01  3.5967229255304E-01  6.6266178121078E-03
 8.4000000000000E-01  6.2000000000000E-01 -1.5965447323468E-01 -3.4273178941312E-01  3.7809341477757E-01  5.6738444122265E-03
 8.4000000000000E-01  6.4000000000000E-01 -1.6098548536786E-01 -3.5946755646682E-01  3.9386958584201E-01  4.9420945233450E-03
 8.4000000000000E-01  6.6000000000000E-01 -1.5962549369968E-01 -3.7361017081978E-01  4.0628174704121E-01  4.5735504800608E-03
 8.4000000000000E-01  6.8000000000000E-01 -1.5509053115404E-01 -3.8451069667227E-01  4.1461011650590E-01  4.7692934224988E-03
 8.4000000000000E-01  7.0000000000000E-01 -1.4688232610789E-01 -3.9152484666081E-01  4.1816996936131E-01  5.7430202625543E-03
 8.4000000000000E-01  7.2000000000000E-01 -1.3448833594352E-01 -3.9403952618267E-01  4.1635833208802E-01  7.7583947228290E-03
 8.4000000000000E-01  7.4000000000000E-01 -1.1737683333275E-01 -3.9150196043715E-01  4.0871885940014E-01  1.1072623009689E-02
 8.4000000000000E-01  7.6000000000000E-01 -9.4985439981708E-02 -3.8345087857054E-01  3.9504026387830E-01  1.5961303230298E-02
 8.4000000000000E-01  7.8000000000000E-01 -6.6702849545414E-02 -3.6954966884397E-01  3.7552127487023E-01  2.2646843079746E-02
 8.4000000000000E-01  8.0000000000000E-01 -3.1843258363001E-02 -3.4962200024790E-01  3.5106913302157E-01  3.1305485970502E-02
 8.4000000000000E-01  8.2000000000000E-01  1.0385556876280E-02 -3.2369109365124E-01  3.2385765993839E-01  4.1975279201493E-02
 8.4000000000000E-01  8.4000000000000E-01  6.0920242565107E-02 -2.9202454613754E-01  2.9831126613158E-01  5.4541216530288E-02
 8.4000000000000E-01  8.6000000000000E-01  1.2088566768326E-01 -2.5518726101682E-01  2.8237188747554E-01  6.8623185406055E-02
 8.4000000000000E-01  8.8000000000000E-01  1.9164867195037E-01 -2.1410360465994E-01  2.8734920739184E-01  8.3553441541525E-02
 8.4000000000000E-01  9.0000000000000E-01  2.7489617414398E-01 -1.7013590834393E-01  3.2328645790848E-01  9.8275088911226E-02
 8.4000000000000E-01  9.2000000000000E-01  3.7277286132032E-01 -1.2520738259683E-01  3.9323847064306E-01  1.1135329815495E-01
 8.4000000000000E-01  9.4000000000000E-01  4.8815894371354E-01 -8.1815792015421E-02  4.9496765364075E-01  1.2119748750133E-01
 8.4000000000000E-01  9.6000000000000E-01  6.2542329086792E-01 -4.3195282776847E-02  6.2691317198974E-01  1.2602664759656E-01
 8.4000000000000E-01  9.8000000000000E-01  7.9204163332843E-01 -1.6562249116044E-02  7.9221477960295E-01  1.2134837855524E-01
 8.4000000000000E-01  1.0000000000000E+00  1.0000000000000E+00  0.0000000000000E+00  1.0000000000000E+00  1.2144242726547E-01
 8.6000000000000E-01  0.0000000000000E+00  0.0000000000000E+00  0.0000000000000E+00  0.0000000000000E+00  1.8352742575975E-02
 8.6000000000000E-01  2.0000000000000E-02 -7.3166293745761E-04 -2.2877796272558E-04  7.6659638029276E-04  1.8263805948736E-02
 8.6000000000000E-01  4.0000000000000E-02 -2.0169750517875E-03 -8.3411910488758E-04  2.1826458807309E-03  1.7981949755669E-02
 8.6000000000000E-01  6.0000000000000E-02 -3.6443574754750E-03 -1.9565059417389E-03  4.1363337521421E-03  1.7761271537147E-02
 8.6000000000000E-01  8.0000000000000E-02 -5.4980210125093E-03 -3.5546881294632E-03  6.5470636740252E-03  1.7533430445699E-02
 8.6000000000000E-01  1.0000000000000E-01 -7.5040200194134E-03 -5.6446961344258E-03  9.3900431789081E-03  1.7313049232121E-02
 8.6000000000000E-01  1.2000000000000E-01 -9.6212890907962E-03 -8.2414914633930E-03  1.2668519460057E-02  1.7090662306459E-02
 8.6000000000000E-01  1.4000000000000E-01 -1.1834569676960E-02 -1.1363367159169E-02  1.6406802023335E-02  1.6877057508981E-02
 8.6000000000000E-01  1.6000000000000E-01 -1.4147768767051E-02 -1.5034064218315E-02  2.0644186784816E-02  1.6661083758050E-02
 8.6000000000000E-01  1.8000000000000E-01 -1.6578912837295E-02 -1.9282973182378E-02  2.5430167235371E-02  1.6453582345229E-02
 8.6000000000000E-01  2.0000000000000E-01 -1.9156333731894E-02 -2.4145784220564E-02  3.0821810746187E-02  1.6242835367162E-02
 8.6000000000000E-01  2.2000000000000E-01 -2.1915469383360E-02 -2.9664900240137E-02  3.6882165128288E-02  1.6039139401354E-02
 8.6000000000000E-01  2.4000000000000E-01 -2.4896437293425E-02 -3.5889576750276E-02  4.3679449506826E-02  1.5830270343313E-02
 8.6000000000000E-01  2.6000000000000E-01 -2.8141827603586E-02 -4.2875746133237E-02  5.1286373115592E-02  1.5626033301986E-02
 8.6000000000000E-01  2.8000000000000E-01 -3.1694924335015E-02 -5.0685454531018E-02  5.9779457421578E-02  1.5413740286607E-02
 8.6000000000000E-01  3.0000000000000E-01 -3.5597854328529E-02 -5.9385852844435E-02  6.9237899671033E-02  1.5202722165336E-02
 8.6000000000000E-01  3.2000000000000E-01 -3.9889911177205E-02 -6.9047669484296E-02  7.9741994425384E-02  1.4979788848523E-02
 8.6000000000000E-01  3.4000000000000E-01 -4.4605584825790E-02 -7.9743092586835E-02  9.1370777675159E-02  1.4753706147455E-02
 8.6000000000000E-01  3.6000000000000E-01 -4.9772571315529E-02 -9.1542980296862E-02  1.0419897358895E-01  1.4510652310053E-02
 8.6000000000000E-01  3.8000000000000E-01 -5.5409320065821E-02 -1.0451331973222E-01  1.1829297000078E-01  1.4258713072421E-02
 8.6000000000000E-01  4.0000000000000E-01 -6.1522426096684E-02 -1.1871086122510E-01  1.3370593661326E-01  1.3983415694922E-02
 8.6000000000000E-01  4.2000000000000E-01 -6.8103468552783E-02 -1.3417787160206E-01  1.5047186998432E-01  1.3692381139191E-02
 8.6000000000000E-01  4.4000000000000E-01 -7.5125665388595E-02 -1.5093598629725E-01  1.6859874720650E-01  1.3371122156653E-02
 8.6000000000000E-01  4.6000000000000E-01 -8.2540028720259E-02 -1.6897918818350E-01  1.8806068802463E-01  1.3028113917741E-02
 8.6000000000000E-01  4.8000000000000E-01 -9.0271496872924E-02 -1.8826602096710E-01  2.0878945806353E-01  1.2651175866809E-02
 8.6000000000000E-01  5.0000000000000E-01 -9.8214849084187E-02 -2.0871123288132E-01  2.3066541854268E-01  1.2253351652635E-02
 8.6000000000000E-01  5.2000000000000E-01 -1.0623100486207E-01 -2.3017716893935E-01  2.5350849195824E-01  1.1830298581575E-02
 8.6000000000000E-01  5.4000000000000E-01 -1.1414362008355E-01 -2.5246534172818E-01  2.7706951254100E-01  1.1407412795996E-02
 8.6000000000000E-01  5.6000000000000E-01 -1.2173664090733E-01 -2.7530874050987E-01  3.0102277711251E-01  1.0998594009203E-02
 8.6000000000000E-01  5.8000000000000E-01 -1.2875270174062E-01 -2.9836551910841E-01  3.2496036865799E-01  1.0654843202246E-02
 8.6000000000000E-01  6.0000000000000E-01 -1.3489288547347E-01 -3.2121476889560E-01  3.4838917650813E-01  1.0424358560663E-02
 8.6000000000000E-01  6.2000000000000E-01 -1.3981744260024E-01 -3.4335505770372E-01  3.7073118685376E-01  1.0402174558210E-02
 8.6000000000000E-01  6.4000000000000E-01 -1.4314754429289E-01 -3.6420635619824E-01  3.9132785402049E-01  1.0690618235416E-02
 8.6000000000000E-01  6.6000000000000E-01 -1.4446708293935E-01 -3.8311582175611E-01  4.0944898453027E-01  1.1448367814233E-02
 8.6000000000000E-01  6.8000000000000E-01 -1.4332392319423E-01 -3.9936777402453E-01  4.2430692415879E-01  1.2848877170375E-02
 8.6000000000000E-01  7.0000000000000E-01 -1.3922893437659E-01 -4.1219806166619E-01  4.3507693366691E-01  1.5125622299175E-02
 8.6000000000000E-01  7.2000000000000E-01 -1.3165162445496E-01 -4.2081305305172E-01  4.4092604350429E-01  1.8524325501542E-02
 8.6000000000000E-01  7.4000000000000E-01 -1.2001034498411E-01 -4.2441370274507E-01  4.4105495573793E-01  2.3339172598435E-02
 8.6000000000000E-01  7.6000000000000E-01 -1.0365587369444E-01 -4.2222572602305E-01  4.3476327336500E-01  2.9852348069536E-02
 8.6000000000000E-01  7.8000000000000E-01 -8.1846781490465E-02 -4.1353781818525E-01  4.2155951265482E-01  3.8353172721042E-02
 8.6000000000000E-01  8.0000000000000E-01 -5.3716334968847E-02 -3.9775111385483E-01  4.0136192297631E-01  4.9055067251065E-02
 8.6000000000000E-01  8.2000000000000E-01 -1.8230712344919E-02 -3.7444436449918E-01  3.7488790454987E-01  6.2086102277983E-02
 8.6000000000000E-01  8.4000000000000E-01  2.5860326599847E-02 -3.4346041670445E-01  3.4443259766556E-01  7.7371431296581E-02
 8.6000000000000E-01  8.6000000000000E-01  8.0080172182283E-02 -3.0501946875001E-01  3.1535648129265E-01  9.4586753646024E-02
 8.6000000000000E-01  8.8000000000000E-01  1.4629194097539E-01 -2.5985995690579E-01  2.9820886840842E-01  1.1301313235336E-01
 8.6000000000000E-01  9.0000000000000E-01  2.2679070507158E-01 -2.0941048659500E-01  3.0868556137730E-01  1.3147866478823E-01
 8.6000000000000E-01  9.2000000000000E-01  3.2445926918082E-01 -1.5601183007820E-01  3.6001876129127E-01  1.4822818424231E-01
 8.6000000000000E-01  9.4000000000000E-01  4.4307906528800E-01 -1.0296824032615E-01  4.5488626777729E-01  1.6125927257786E-01
 8.6000000000000E-01  9.6000000000000E-01  5.8821125007449E-01 -5.4745909052938E-02  5.9075340817657E-01  1.6810639919195E-01
 8.6000000000000E-01  9.8000000000000E-01  7.6911466525145E-01 -2.0996672161101E-02  7.6940121428725E-01  1.6273618805562E-01
 8.6000000000000E-01  1.0000000000000E+00  1.0000000000000E+00  0.0000000000000E+00  1.0000000000000E+00  1.6282460971262E-01
 8.8000000000000E-01  0.0000000000000E+00  0.0000000000000E+00  0.0000000000000E+00  0.0000000000000E+00  1.8010310230921E-02
 8.8000000000000E-01  2.0000000000000E-02 -3.1922720079137E-04 -1.2069375164606E-04  3.4128139036797E-04  1.7915772121827E-02
 8.8000000000000E-01  4.0000000000000E-02 -1.1776890053450E-03 -5.5214658453193E-04  1.3006987522562E-03  1.7699363952575E-02
 8.8000000000000E-01  6.0000000000000E-02 -2.3624064278944E-03 -1.4026207249381E-03  2.7474186118214E-03  1.7496069819844E-02
 8.8000000000000E-01  8.0000000000000E-02 -3.7572874486709E-03 -2.6669219127193E-03  4.6075678465414E-03  1.7283705994187E-02
 8.8000000000000E-01  1.0000000000000E-01 -5.2876092363038E-03 -4.3700001394719E-03  6.8597166599524E-03  1.7056219998216E-02
 8.8000000000000E-01  1.2000000000000E-01 -6.9103126344778E-03 -6.5320454635854E-03  9.5089451909542E-03  1.6828052581205E-02
 8.8000000000000E-01  1.4000000000000E-01 -8.6069663914274E-03 -9.1735237104190E-03  1.2579086124547E-02  1.6589513191603E-02
 8.8000000000000E-01  1.6000000000000E-01 -1.0377009808957E-02 -1.2317857582209E-02  1.6106270455657E-02  1.6353347035054E-02
 8.8000000000000E-01  1.8000000000000E-01 -1.2233031794773E-02 -1.5992686688912E-02  2.0134872595118E-02  1.6109265548427E-02
 8.8000000000000E-01  2.0000000000000E-01 -1.4197011189941E-02 -2.0231187754237E-02  2.4715502921739E-02  1.5869103293933E-02
 8.8000000000000E-01  2.2000000000000E-01 -1.6297561953680E-02 -2.5073031413963E-02  2.9904304538303E-02  1.5621842878153E-02
 8.8000000000000E-01  2.4000000000000E-01 -1.8567655217486E-02 -3.0565000210864E-02  3.5762788735857E-02  1.5378764505669E-02
 8.8000000000000E-01  2.6000000000000E-01 -2.1042942321805E-02 -3.6761252548197E-02  4.2357940347368E-02  1.5128507976702E-02
 8.8000000000000E-01  2.8000000000000E-01 -2.3760212245675E-02 -4.3723212665779E-02  4.9762104173522E-02  1.4882215970443E-02
 8.8000000000000E-01  3.0000000000000E-01 -2.6756168443246E-02 -5.1519052042905E-02  5.8052607806738E-02  1.4628605714524E-02
 8.8000000000000E-01  3.2000000000000E-01 -3.0066102869102E-02 -6.0222724159291E-02  6.7310824143680E-02  1.4379091202719E-02
 8.8000000000000E-01  3.4000000000000E-01 -3.3722686256390E-02 -6.9912495845444E-02  7.7620723029911E-02  1.4122856960716E-02
 8.8000000000000E-01  3.6000000000000E-01 -3.7754478094808E-02 -8.0668910407867E-02  8.9066681326991E-02  1.3871979332532E-02
 8.8000000000000E-01  3.8000000000000E-01 -4.2184396802959E-02 -9.2572104915053E-02  1.0173061457611E-01  1.3616533368482E-02
 8.8000000000000E-01  4.0000000000000E-01 -4.7027774351842E-02 -1.0569839846908E-01  1.1568821460899E-01  1.3369781968388E-02
 8.8000000000000E-01  4.2000000000000E-01 -5.2290262343973E-02 -1.2011607051054E-01  1.3100435844236E-01  1.3123408164024E-02
 8.8000000000000E-01  4.4000000000000E-01 -5.7965249789541E-02 -1.3588025645770E-01  1.4772750007421E-01  1.2892915408188E-02
 8.8000000000000E-01  4.6000000000000E-01 -6.4031110812377E-02 -1.5302691791566E-01  1.6588315393262E-01  1.2673165867691E-02
 8.8000000000000E-01  4.8000000000000E-01 -7.0448009150680E-02 -1.7156587998961E-01  1.8546636668115E-01  1.2484233864803E-02
 8.8000000000000E-01  5.0000000000000E-01 -7.7154659794019E-02 -1.9147299683296E-01  2.0643340341167E-01  1.2327534234603E-02
 8.8000000000000E-01  5.2000000000000E-01 -8.4064862945973E-02 -2.1268157460823E-01  2.2869270508690E-01  1.2232466596864E-02
 8.8000000000000E-01  5.4000000000000E-01 -9.1064293749375E-02 -2.3507328398572E-01  2.5209552641787E-01  1.2213488269296E-02
 8.8000000000000E-01  5.6000000000000E-01 -9.8007417762055E-02 -2.5846887726672E-01  2.7642650822941E-01  1.2317905366176E-02
 8.8000000000000E-01  5.8000000000000E-01 -1.0471501752025E-01 -2.8261912774447E-01  3.0139476813859E-01  1.2584178319489E-02
 8.8000000000000E-01  6.0000000000000E-01 -1.1097211534033E-01 -3.0719645653830E-01  3.2662589195102E-01  1.3091024264732E-02
 8.8000000000000E-01  6.2000000000000E-01 -1.1652657685996E-01 -3.3178775371915E-01  3.5165545158962E-01  1.3916885841811E-02
 8.8000000000000E-01  6.4000000000000E-01 -1.2108783362819E-01 -3.5588885686980E-01  3.7592438321671E-01  1.5189945080788E-02
 8.8000000000000E-01  6.6000000000000E-01 -1.2432550172475E-01 -3.7890110103922E-01  3.9877672292630E-01  1.7047879754674E-02
 8.8000000000000E-01  6.8000000000000E-01 -1.2586666232203E-01 -4.0013024873411E-01  4.1945992971452E-01  1.9687301760789E-02
 8.8000000000000E-01  7.0000000000000E-01 -1.2529076534513E-01 -4.1878809571230E-01  4.3712840789761E-01  2.3321502278745E-02
 8.8000000000000E-01  7.2000000000000E-01 -1.2212000512118E-01 -4.3399715088176E-01  4.5085122005411E-01  2.8225959475077E-02
 8.8000000000000E-01  7.4000000000000E-01 -1.1580319165992E-01 -4.4479926201483E-01  4.5962676454658E-01  3.4689254894782E-02
 8.8000000000000E-01  7.6000000000000E-01 -1.0569013431965E-01 -4.5017002626060E-01  4.6241048543040E-01  4.3047778007192E-02
 8.8000000000000E-01  7.8000000000000E-01 -9.0994041283225E-02 -4.4904263387438E-01  4.5816940380812E-01  5.3619997457363E-02
 8.8000000000000E-01  8.0000000000000E-01 -7.0739057009644E-02 -4.4034755858173E-01  4.4599325839692E-01  6.6716540606125E-02
 8.8000000000000E-01  8.2000000000000E-01 -4.3691598087588E-02 -4.2307834297497E-01  4.2532839082043E-01  8.2539116294837E-02
 8.8000000000000E-01  8.4000000000000E-01 -8.2751923981944E-03 -3.9639836071869E-01  3.9648472756172E-01  1.0114231681136E-01
 8.8000000000000E-01  8.6000000000000E-01  3.7528564604670E-02 -3.5980735058266E-01  3.6175920540409E-01  1.2227174657408E-01
 8.8000000000000E-01  8.8000000000000E-01  9.6290120768102E-02 -3.1338359738911E-01  3.2784305158120E-01  1.4526443045869E-01
 8.8000000000000E-01  9.0000000000000E-01  1.7125844661587E-01 -2.5812008468322E-01  3.0976674071655E-01  1.6882826708385E-01
 8.8000000000000E-01  9.2000000000000E-01  2.6653234048558E-01 -1.9637884929672E-01  3.3106516122333E-01  1.9090282296261E-01
 8.8000000000000E-01  9.4000000000000E-01  3.8736513300691E-01 -1.3215013558433E-01  4.0928645788056E-01  2.0889213537211E-01
 8.8000000000000E-01  9.6000000000000E-01  5.4112590559392E-01 -7.1458632503815E-02  5.4582376447362E-01  2.1935799589164E-01
 8.8000000000000E-01  9.8000000000000E-01  7.3960709382983E-01 -2.7595146831600E-02  7.4012170983701E-01  2.1372418742258E-01
 8.8000000000000E-01  1.0000000000000E+00  1.0000000000000E+00  0.0000000000000E+00  1.0000000000000E+00  2.1381823327320E-01
 9.0000000000000E-01  0.0000000000000E+00  0.0000000000000E+00  0.0000000000000E+00  0.0000000000000E+00  1.7678504901300E-02
 9.0000000000000E-01  2.0000000000000E-02 -4.1994756102738E-05 -1.2657411886946E-05  4.3860798166521E-05  1.7589658490399E-02
 9.0000000000000E-01  4.0000000000000E-02 -5.7037522642058E-04 -2.7062808277896E-04  6.3132199241191E-04  1.7424564368249E-02
 9.0000000000000E-01  6.0000000000000E-02 -1.3866938317798E-03 -8.5001995253165E-04  1.6264850761068E-03  1.7246908401184E-02
 9.0000000000000E-01  8.0000000000000E-02 -2.3836203534326E-03 -1.7788194334374E-03  2.9741964572087E-03  1.7035190852971E-02
 9.0000000000000E-01  1.0000000000000E-01 -3.4918794340940E-03 -3.0885196567055E-03  4.6617781641885E-03  1.6807929746182E-02
 9.0000000000000E-01  1.2000000000000E-01 -4.6708521595964E-03 -4.8022965493626E-03  6.6991724895562E-03  1.6558392557915E-02
 9.0000000000000E-01  1.4000000000000E-01 -5.9017729794409E-03 -6.9407513748386E-03  9.1107054583156E-03  1.6301444072636E-02
 9.0000000000000E-01  1.6000000000000E-01 -7.1815988941248E-03 -9.5250827129203E-03  1.1929063809204E-02  1.6028559196644E-02
 9.0000000000000E-01  1.8000000000000E-01 -8.5185638805110E-03 -1.2579295702921E-02  1.5192254966524E-02  1.5753221114090E-02
 9.0000000000000E-01  2.0000000000000E-01 -9.9289618396653E-03 -1.6132063471631E-02  1.8942749406205E-02  1.5465554962629E-02
 9.0000000000000E-01  2.2000000000000E-01 -1.1434631933268E-02 -2.0218110340607E-02  2.3227629952155E-02  1.5177979038295E-02
 9.0000000000000E-01  2.4000000000000E-01 -1.3061196754796E-02 -2.4879178385832E-02  2.8099259382083E-02  1.4879896104813E-02
 9.0000000000000E-01  2.6000000000000E-01 -1.4836611972927E-02 -3.0164618091003E-02  3.3615907535143E-02  1.4583360148296E-02
 9.0000000000000E-01  2.8000000000000E-01 -1.6790144117815E-02 -3.6131614982196E-02  3.9842220579665E-02  1.4277807786819E-02
 9.0000000000000E-01  3.0000000000000E-01 -1.8951400965261E-02 -4.2845061560436E-02  4.6849278528742E-02  1.3975722011031E-02
 9.0000000000000E-01  3.2000000000000E-01 -2.1349580103205E-02 -5.0377059271100E-02  5.4714282151802E-02  1.3667384238865E-02
 9.0000000000000E-01  3.4000000000000E-01 -2.4012596540161E-02 -5.8806024496650E-02  6.3519708041687E-02  1.3366543396556E-02
 9.0000000000000E-01  3.6000000000000E-01 -2.6966281171759E-02 -6.8215351549022E-02  7.3351990478725E-02  1.3065200969423E-02
 9.0000000000000E-01  3.8000000000000E-01 -3.0233329374321E-02 -7.8691572146838E-02  8.4299571363069E-02  1.2779326168107E-02
 9.0000000000000E-01  4.0000000000000E-01 -3.3832206716472E-02 -9.0321936975103E-02  9.6450352566699E-02  1.2503724240419E-02
 9.0000000000000E-01  4.2000000000000E-01 -3.7775706245221E-02 -1.0319133396717E-01  1.0988837694792E-01  1.2257882650144E-02
 9.0000000000000E-01  4.4000000000000E-01 -4.2069384939734E-02 -1.1737845798264E-01  1.2468975718795E-01  1.2041025347360E-02
 9.0000000000000E-01  4.6000000000000E-01 -4.6709602193446E-02 -1.3295114687532E-01  1.4091768658523E-01  1.1878235154336E-02
 9.0000000000000E-01  4.8000000000000E-01 -5.1681427973006E-02 -1.4996082261976E-01  1.5861657642921E-01  1.1775864684910E-02
 9.0000000000000E-01  5.0000000000000E-01 -5.6956193633384E-02 -1.6843599739111E-01  1.7780521142627E-01  1.1768152259519E-02
 9.0000000000000E-01  5.2000000000000E-01 -6.2489011623335E-02 -1.8837485842354E-01  1.9846905013061E-01  1.1873232043804E-02
 9.0000000000000E-01  5.4000000000000E-01 -6.8216094376152E-02 -2.0973698835361E-01  2.2055167153204E-01  1.2140522861836E-02
 9.0000000000000E-01  5.6000000000000E-01 -7.4052243484407E-02 -2.3243435240682E-01  2.4394561472560E-01  1.2607620434272E-02
 9.0000000000000E-01  5.8000000000000E-01 -7.9888350675431E-02 -2.5632172547169E-01  2.6848272853654E-01  1.3348738486334E-02
 9.0000000000000E-01  6.0000000000000E-01 -8.5589236296321E-02 -2.8118678842866E-01  2.9392435652156E-01  1.4432704559295E-02
 9.0000000000000E-01  6.2000000000000E-01 -9.0991531495461E-02 -3.0674011001572E-01  3.1995148678565E-01  1.5972582705543E-02
 9.0000000000000E-01  6.4000000000000E-01 -9.5901669898815E-02 -3.3260520569746E-01  3.4615509984172E-01  1.8084726659627E-02
 9.0000000000000E-01  6.6000000000000E-01 -1.0009326495701E-01 -3.5830874016526E-01  3.7202663206896E-01  2.0939290955944E-02
 9.0000000000000E-01  6.8000000000000E-01 -1.0330328983467E-01 -3.8327080712773E-01  3.9694846175165E-01  2.4719667815970E-02
 9.0000000000000E-01  7.0000000000000E-01 -1.0522540432088E-01 -4.0679502870593E-01  4.2018398481421E-01  2.9672670490512E-02
 9.0000000000000E-01  7.2000000000000E-01 -1.0549855975045E-01 -4.2805815520366E-01  4.4086702115920E-01  3.6066290412702E-02
 9.0000000000000E-01  7.4000000000000E-01 -1.0368750461648E-01 -4.4609899959166E-01  4.5799062877997E-01  4.4236149358889E-02
 9.0000000000000E-01  7.6000000000000E-01 -9.9251108061614E-02 -4.5980733301567E-01  4.7039724270709E-01  5.4535941185080E-02
 9.0000000000000E-01  7.8000000000000E-01 -9.1492452141759E-02 -4.6791522002971E-01  4.7677617592993E-01  6.7370828649078E-02
 9.0000000000000E-01  8.0000000000000E-01 -7.9483764229455E-02 -4.6899706497653E-01  4.7568468099433E-01  8.3125310148817E-02
 9.0000000000000E-01  8.2000000000000E-01 -6.1957906022560E-02 -4.6149125523022E-01  4.6563178668628E-01  1.0215944923425E-01
 9.0000000000000E-01  8.4000000000000E-01 -3.7159434862143E-02 -4.4376718469073E-01  4.4532026431279E-01  1.2467777678003E-01
 9.0000000000000E-01  8.6000000000000E-01 -2.6516186664560E-03 -4.1427652151506E-01  4.1428500740453E-01  1.5063857990584E-01
 9.0000000000000E-01  8.8000000000000E-01  4.4915485196054E-02 -3.7184060004437E-01  3.7454349901147E-01  1.7951274477767E-01
 9.0000000000000E-01  9.0000000000000E-01  1.1006476638877E-01 -3.1615028648472E-01  3.3476149187830E-01  2.1005252876871E-01
 9.0000000000000E-01  9.2000000000000E-01  1.9877182208537E-01 -2.4857914189037E-01  3.1827947944863E-01  2.3988967039037E-01
 9.0000000000000E-01  9.4000000000000E-01  3.1879425099833E-01 -1.7295969143621E-01  3.6269109353732E-01  2.6576023614570E-01
 9.0000000000000E-01  9.6000000000000E-01  4.8061556252914E-01 -9.6666699122085E-02  4.9024052225858E-01  2.8279497613195E-01
 9.0000000000000E-01  9.8000000000000E-01  7.0024257119299E-01 -3.8048012672255E-02  7.0127548779297E-01  2.7839204896935E-01
 9.0000000000000E-01  1.0000000000000E+00  1.0000000000000E+00  0.0000000000000E+00  1.0000000000000E+00  2.7848035582088E-01
 9.2000000000000E-01  0.0000000000000E+00  0.0000000000000E+00  0.0000000000000E+00  0.0000000000000E+00  1.7392945398418E-02
 9.2000000000000E-01  2.0000000000000E-02  1.0407846147817E-04  8.6902864584304E-05  1.3558921054649E-04  1.7298386741678E-02
 9.2000000000000E-01  4.0000000000000E-02 -1.8737517772260E-04 -1.0293452702734E-05  1.8765770006882E-04  1.7187529833275E-02
 9.2000000000000E-01  6.0000000000000E-02 -7.0923795358667E-04 -3.3729901029948E-04  7.8535921536379E-04  1.7018165572599E-02
 9.2000000000000E-01  8.0000000000000E-02 -1.3718726223928E-03 -9.4859449997167E-04  1.6678926876293E-03  1.6812650606228E-02
 9.2000000000000E-01  1.0000000000000E-01 -2.1173853483501E-03 -1.8788106170018E-03  2.8307684553786E-03  1.6568591960838E-02
 9.2000000000000E-01  1.2000000000000E-01 -2.9114400826843E-03 -3.1513843363930E-03  4.2904203279776E-03  1.6303619593343E-02
 9.2000000000000E-01  1.4000000000000E-01 -3.7375820378615E-03 -4.7849048508175E-03  6.0716417813572E-03  1.6011528447219E-02
 9.2000000000000E-01  1.6000000000000E-01 -4.5919466162475E-03 -6.7966199624047E-03  8.2024396760857E-03  1.5707897821052E-02
 9.2000000000000E-01  1.8000000000000E-01 -5.4796168090078E-03 -9.2053466974627E-03  1.0712824473221E-02  1.5384312308785E-02
 9.2000000000000E-01  2.0000000000000E-01 -6.4118600551412E-03 -1.2033690670545E-02  1.3635309329864E-02  1.5054417493125E-02
 9.2000000000000E-01  2.2000000000000E-01 -7.4042157256849E-03 -1.5309670453607E-02  1.7006128892565E-02  1.4708294548150E-02
 9.2000000000000E-01  2.4000000000000E-01 -8.4750366599311E-03 -1.9067876341543E-02  2.0866484000989E-02  1.4358545884038E-02
 9.2000000000000E-01  2.6000000000000E-01 -9.6445269511084E-03 -2.3350232681343E-02  2.5263615465399E-02  1.3994740291909E-02
 9.2000000000000E-01  2.8000000000000E-01 -1.0933944386967E-02 -2.8206426267612E-02  3.0251506121969E-02  1.3629510853482E-02
 9.2000000000000E-01  3.0000000000000E-01 -1.2365075790197E-02 -3.3694032493175E-02  3.5891265301581E-02  1.3253035338064E-02
 9.2000000000000E-01  3.2000000000000E-01 -1.3959703764740E-02 -3.9878358337745E-02  4.2251115877724E-02  1.2879144764812E-02
 9.2000000000000E-01  3.4000000000000E-01 -1.5739209972858E-02 -4.6831995519965E-02  4.9406057674659E-02  1.2499843381913E-02
 9.2000000000000E-01  3.6000000000000E-01 -1.7724058689916E-02 -5.4634062795939E-02  5.7437122786872E-02  1.2131459334975E-02
 9.2000000000000E-01  3.8000000000000E-01 -1.9933322640519E-02 -6.3369096738719E-02  6.6430262478573E-02  1.1769240266483E-02
 9.2000000000000E-01  4.0000000000000E-01 -2.2384006107371E-02 -7.3125534819192E-02  7.6474751205922E-02  1.1433609804422E-02
 9.2000000000000E-01  4.2000000000000E-01 -2.5090337140765E-02 -8.3993722559244E-02  8.7661111373268E-02  1.1124909786470E-02
 9.2000000000000E-01  4.4000000000000E-01 -2.8062794724930E-02 -9.6063362962320E-02  1.0007842000853E-01  1.0869864261551E-02
 9.2000000000000E-01  4.6000000000000E-01 -3.1307058679045E-02 -1.0942032664786E-01  1.1381098280420E-01  1.0676581510296E-02
 9.2000000000000E-01  4.8000000000000E-01 -3.4822670240460E-02 -1.2414273588360E-01  1.2893423608701E-01  1.0581372341430E-02
 9.2000000000000E-01  5.0000000000000E-01 -3.8601621562681E-02 -1.4029625495604E-01  1.4550987712852E-01  1.0604172805950E-02
 9.2000000000000E-01  5.2000000000000E-01 -4.2626698476902E-02 -1.5792852829879E-01  1.6358011943284E-01  1.0795910879281E-02
 9.2000000000000E-01  5.4000000000000E-01 -4.6869834982676E-02 -1.7706274808006E-01  1.8316112630404E-01  1.1194555387719E-02
 9.2000000000000E-01  5.6000000000000E-01 -5.1290339302713E-02 -1.9769035149728E-01  2.0423558451187E-01  1.1873261507215E-02
 9.2000000000000E-01  5.8000000000000E-01 -5.5833271304133E-02 -2.1976289365647E-01  2.2674453381016E-01  1.2897274518587E-02
 9.2000000000000E-01  6.0000000000000E-01 -6.0427820304893E-02 -2.4318313987771E-01  2.5057845275997E-01  1.4373086076570E-02
 9.2000000000000E-01  6.2000000000000E-01 -6.4985898919009E-02 -2.6779542345196E-01  2.7556769745405E-01  1.6406394322857E-02
 9.2000000000000E-01  6.4000000000000E-01 -6.9400649831481E-02 -2.9337522336155E-01  3.0147217430382E-01  1.9152436977669E-02
 9.2000000000000E-01  6.6000000000000E-01 -7.3544794727131E-02 -3.1961778601513E-01  3.2797006870851E-01  2.2775093723279E-02
 9.2000000000000E-01  6.8000000000000E-01 -7.7268025548041E-02 -3.4612533122210E-01  3.5464502348926E-01  2.7498372612327E-02
 9.2000000000000E-01  7.0000000000000E-01 -8.0392544637706E-02 -3.7239201794792E-01  3.8097083387662E-01  3.3566423530943E-02
 9.2000000000000E-01  7.2000000000000E-01 -8.2704615075349E-02 -3.9778530679963E-01  4.0629201771686E-01  4.1295575399334E-02
 9.2000000000000E-01  7.4000000000000E-01 -8.3939079333978E-02 -4.2152181244961E-01  4.2979810075225E-01  5.1033886936676E-02
 9.2000000000000E-01  7.6000000000000E-01 -8.3751311115866E-02 -4.4263528649040E-01  4.5048893322707E-01  6.3210787896253E-02
 9.2000000000000E-01  7.8000000000000E-01 -8.1668335034473E-02 -4.5993461116957E-01  4.6712906514047E-01  7.8290004052002E-02
 9.2000000000000E-01  8.0000000000000E-01 -7.7005911045009E-02 -4.7195152995668E-01  4.7819259400823E-01  9.6804394007527E-02
 9.2000000000000E-01  8.2000000000000E-01 -6.8732946027158E-02 -4.7688333133652E-01  4.8181109324733E-01  1.1927844279897E-01
 9.2000000000000E-01  8.4000000000000E-01 -5.5257844212064E-02 -4.7254848547267E-01  4.7576832646728E-01  1.4620476487698E-01
 9.2000000000000E-01  8.6000000000000E-01 -3.4107769438385E-02 -4.5639865115198E-01  4.5767135447766E-01  1.7786223920795E-01
 9.2000000000000E-01  8.8000000000000E-01 -1.4767429762460E-03 -4.2566921449625E-01  4.2567177606658E-01  2.1412891860125E-01
 9.2000000000000E-01  9.0000000000000E-01  4.8361215973751E-02 -3.7782923543312E-01  3.8091171990166E-01  2.5404152290592E-01
 9.2000000000000E-01  9.2000000000000E-01  1.2375164177381E-01 -3.1162069731545E-01  3.3529379331727E-01  2.9522304466256E-01
 9.2000000000000E-01  9.4000000000000E-01  2.3637734798085E-01 -2.2854043184599E-01  3.2879321712410E-01  3.3372548197691E-01
 9.2000000000000E-01  9.6000000000000E-01  4.0227211359667E-01 -1.3528629732301E-01  4.2441163464366E-01  3.6293884485998E-01
 9.2000000000000E-01  9.8000000000000E-01  6.4541804988897E-01 -5.5375637761464E-02  6.4778925614738E-01  3.6411135130588E-01
 9.2000000000000E-01  1.0000000000000E+00  1.0000000000000E+00  0.0000000000000E+00  1.0000000000000E+00  3.6420541194385E-01
 9.4000000000000E-01  0.0000000000000E+00  0.0000000000000E+00  0.0000000000000E+00  0.0000000000000E+00  1.7167388236716E-02
 9.4000000000000E-01  2.0000000000000E-02  1.3448620200943E-04  1.6533267887028E-04  2.1312304716606E-04  1.7078607039441E-02
 9.4000000000000E-01  4.0000000000000E-02 -3.2168398554667E-06  1.9980285655775E-04  1.9982875055229E-04  1.6995577764253E-02
 9.4000000000000E-01  6.0000000000000E-02 -3.0110735273984E-04  8.4832306371150E-05  3.1282927944526E-04  1.6837355861833E-02
 9.4000000000000E-01  8.0000000000000E-02 -6.9470830880100E-04 -2.4923619542182E-04  7.3806389657366E-04  1.6618880256074E-02
 9.4000000000000E-01  1.0000000000000E-01 -1.1418850820197E-03 -8.3592934109013E-04  1.4151605576169E-03  1.6362703156822E-02
 9.4000000000000E-01  1.2000000000000E-01 -1.6175110806416E-03 -1.6959820051028E-03  2.3436503701770E-03  1.6064900155952E-02
 9.4000000000000E-01  1.4000000000000E-01 -2.1092874210244E-03 -2.8439955950414E-03  3.5408197312355E-03  1.5743878241186E-02
 9.4000000000000E-01  1.6000000000000E-01 -2.6139123370540E-03 -4.2919823887041E-03  5.0253010388184E-03  1.5393311422918E-02
 9.4000000000000E-01  1.8000000000000E-01 -3.1342598981579E-03 -6.0526114979898E-03  6.8159879001359E-03  1.5028511218440E-02
 9.4000000000000E-01  2.0000000000000E-01 -3.6774159557149E-03 -8.1415082197914E-03  8.9335068256691E-03  1.4640553542113E-02
 9.4000000000000E-01  2.2000000000000E-01 -4.2532395402810E-03 -1.0578898200568E-02  1.1401891673095E-02  1.4242675053547E-02
 9.4000000000000E-01  2.4000000000000E-01 -4.8734396179388E-03 -1.3390757705135E-02  1.4250010723761E-02  1.3824497265645E-02
 9.4000000000000E-01  2.6000000000000E-01 -5.5508820505301E-03 -1.6609586609042E-02  1.7512585727475E-02  1.3398462109538E-02
 9.4000000000000E-01  2.8000000000000E-01 -6.2991766058400E-03 -2.0274884732841E-02  2.1230887330528E-02  1.2954101899263E-02
 9.4000000000000E-01  3.0000000000000E-01 -7.1323197798195E-03 -2.4433394436182E-02  2.5453108830075E-02  1.2504482107756E-02
 9.4000000000000E-01  3.2000000000000E-01 -8.0644896706771E-03 -2.9139140157433E-02  3.0234508144883E-02  1.2040508885908E-02
 9.4000000000000E-01  3.4000000000000E-01 -9.1098015494659E-03 -3.4453281399203E-02  3.5637299048094E-02  1.1577403770023E-02
 9.4000000000000E-01  3.6000000000000E-01 -1.0282142281540E-02 -4.0443773477725E-02  4.1730339838244E-02  1.1109079428201E-02
 9.4000000000000E-01  3.8000000000000E-01 -1.1594905794985E-02 -4.7184816652027E-02  4.8588566174358E-02  1.0654704072900E-02
 9.4000000000000E-01  4.0000000000000E-01 -1.3060756339578E-02 -5.4756059355463E-02  5.6292178784453E-02  1.0213206809405E-02
 9.4000000000000E-01  4.2000000000000E-01 -1.4691247529733E-02 -6.3241506714337E-02  6.4925502889692E-02  9.8100191152218E-03
 9.4000000000000E-01  4.4000000000000E-01 -1.6496430066724E-02 -7.2728077921362E-02  7.4575502164465E-02  9.4518017342941E-03
 9.4000000000000E-01  4.6000000000000E-01 -1.8484284066290E-02 -8.3303742682815E-02  8.5329844148504E-02  9.1734815801209E-03
 9.4000000000000E-01  4.8000000000000E-01 -2.0660121222420E-02 -9.5055170103486E-02  9.7274487777257E-02  8.9933241446101E-03
 9.4000000000000E-01  5.0000000000000E-01 -2.3025809658381E-02 -1.0806481605354E-01  1.1049068910596E-01  8.9604156747284E-03
 9.4000000000000E-01  5.2000000000000E-01 -2.5578989492130E-02 -1.2240739362682E-01  1.2505140830055E-01  9.1102363302584E-03
 9.4000000000000E-01  5.4000000000000E-01 -2.8312158600669E-02 -1.3814567332094E-01  1.4101703933187E-01  9.5127670821736E-03
 9.4000000000000E-01  5.6000000000000E-01 -3.1211825863206E-02 -1.5532559270705E-01  1.5843048262097E-01  1.0228748037718E-02
 9.4000000000000E-01  5.8000000000000E-01 -3.4257637717516E-02 -1.7397065920830E-01  1.7731152248897E-01  1.1358618621420E-02
 9.4000000000000E-01  6.0000000000000E-01 -3.7421693294216E-02 -1.9407565873033E-01  1.9765056144777E-01  1.2999679247449E-02
 9.4000000000000E-01  6.2000000000000E-01 -4.0667951690224E-02 -2.1559965456641E-01  2.1940167124212E-01  1.5296117803461E-02
 9.4000000000000E-01  6.4000000000000E-01 -4.3951908523031E-02 -2.3845822958266E-01  2.4247494204250E-01  1.8397361764312E-02
 9.4000000000000E-01  6.6000000000000E-01 -4.7220340691846E-02 -2.6251477681985E-01  2.6672789247439E-01  2.2509555479970E-02
 9.4000000000000E-01  6.8000000000000E-01 -5.0411073405274E-02 -2.8757041982522E-01  2.9195551489966E-01  2.7855570060595E-02
 9.4000000000000E-01  7.0000000000000E-01 -5.3452124042668E-02 -3.1335168266542E-01  3.1787797437684E-01  3.4728565386611E-02
 9.4000000000000E-01  7.2000000000000E-01 -5.6259318058325E-02 -3.3949433301000E-01  3.4412426972576E-01  4.3454475327405E-02
 9.4000000000000E-01  7.4000000000000E-01 -5.8730086409015E-02 -3.6552066043469E-01  3.7020882789883E-01  5.4448605415098E-02
 9.4000000000000E-01  7.6000000000000E-01 -6.0729424486621E-02 -3.9080579926105E-01  3.9549618927942E-01  6.8181319361631E-02
 9.4000000000000E-01  7.8000000000000E-01 -6.2059917372037E-02 -4.1452639417591E-01  4.1914623320830E-01  8.5237131681886E-02
 9.4000000000000E-01  8.0000000000000E-01 -6.2401285102584E-02 -4.3558233519611E-01  4.4002942074065E-01  1.0627913599124E-01
 9.4000000000000E-01  8.2000000000000E-01 -6.1193045699113E-02 -4.5248043340603E-01  4.5659953072385E-01  1.3209652561921E-01
 9.4000000000000E-01  8.4000000000000E-01 -5.7415640302909E-02 -4.6317152349763E-01  4.6671663344101E-01  1.6353235461469E-01
 9.4000000000000E-01  8.6000000000000E-01 -4.9198017280072E-02 -4.6484861914119E-01  4.6744484553984E-01  2.0143998902166E-01
 9.4000000000000E-01  8.8000000000000E-01 -3.3150417972954E-02 -4.5375345624985E-01  4.5496279987540E-01  2.4642441967977E-01
 9.4000000000000E-01  9.0000000000000E-01 -3.2985204754700E-03 -4.2514469205934E-01  4.2515748778959E-01  2.9844371702778E-01
 9.4000000000000E-01  9.2000000000000E-01  5.0530050674724E-02 -3.7387705171457E-01  3.7727620627329E-01  3.5585667895215E-01
 9.4000000000000E-01  9.4000000000000E-01  1.4478852979977E-01 -2.9595064754874E-01  3.2947003527801E-01  4.1464056342126E-01
 9.4000000000000E-01  9.6000000000000E-01  3.0418789509564E-01 -1.9192125712246E-01  3.5967213467015E-01  4.6661449142490E-01
 9.4000000000000E-01  9.8000000000000E-01  5.6769809058706E-01 -8.4144516407984E-02  5.7390018443779E-01  4.8557876018476E-01
 9.4000000000000E-01  1.0000000000000E+00  1.0000000000000E+00  0.0000000000000E+00  1.0000000000000E+00  4.8566700738588E-01
 9.6000000000000E-01  0.0000000000000E+00  0.0000000000000E+00  0.0000000000000E+00  0.0000000000000E+00  1.7035638616650E-02
 9.6000000000000E-01  2.0000000000000E-02  7.9645437193833E-05  2.0303225443117E-04  2.1809514438703E-04  1.6941076266262E-02
 9.6000000000000E-01  4.0000000000000E-02  2.8214580251545E-05  3.1834004888528E-04  3.1958793666698E-04  1.6874866698168E-02
 9.6000000000000E-01  6.0000000000000E-02 -1.1071371829123E-04  3.4949072376826E-04  3.6660781963555E-04  1.6705101896145E-02
 9.6000000000000E-01  8.0000000000000E-02 -3.0149973674826E-04  2.2798091255484E-04  3.7799125353453E-04  1.6475804770145E-02
 9.6000000000000E-01  1.0000000000000E-01 -5.1967767836204E-04 -7.3957970397416E-05  5.2491396511530E-04  1.6188065635562E-02
 9.6000000000000E-01  1.2000000000000E-01 -7.5055693610463E-04 -5.7158667574144E-04  9.4342304520291E-04  1.5862566710697E-02
 9.6000000000000E-01  1.4000000000000E-01 -9.8694521069459E-04 -1.2740787431049E-03  1.6116257296732E-03  1.5495969816448E-02
 9.6000000000000E-01  1.6000000000000E-01 -1.2268355608483E-03 -2.1877267225704E-03  2.5082411578655E-03  1.5105978036126E-02
 9.6000000000000E-01  1.8000000000000E-01 -1.4716899694193E-03 -3.3189814409440E-03  3.6306348165878E-03  1.4685283543357E-02
 9.6000000000000E-01  2.0000000000000E-01 -1.7252026608313E-03 -4.6764818525909E-03  4.9845568246887E-03  1.4248186496872E-02
 9.6000000000000E-01  2.2000000000000E-01 -1.9925143585259E-03 -6.2724343140374E-03  6.5813027352375E-03  1.3784657484899E-02
 9.6000000000000E-01  2.4000000000000E-01 -2.2796627055180E-03 -8.1235489724863E-03  8.4373520703662E-03  1.3307026915647E-02
 9.6000000000000E-01  2.6000000000000E-01 -2.5932691174927E-03 -1.0251652750095E-02  1.0574565183698E-02  1.2804124509409E-02
 9.6000000000000E-01  2.8000000000000E-01 -2.9403008269086E-03 -1.2684080335345E-02  1.3020417155614E-02  1.2287967364655E-02
 9.6000000000000E-01  3.0000000000000E-01 -3.3279570378790E-03 -1.5453902150468E-02  1.5808174775166E-02  1.1747923766236E-02
 9.6000000000000E-01  3.2000000000000E-01 -3.7635534556376E-03 -1.8600032380084E-02  1.8976973919823E-02  1.1197409663647E-02
 9.6000000000000E-01  3.4000000000000E-01 -4.2544778177959E-03 -2.2167235383069E-02  2.2571816631156E-02  1.0628100955039E-02
 9.6000000000000E-01  3.6000000000000E-01 -4.8081054417172E-03 -2.6206038399931E-02  2.6643466864456E-02  1.0056693578350E-02
 9.6000000000000E-01  3.8000000000000E-01 -5.4317562417154E-03 -3.0772543770530E-02  3.1248254766924E-02  9.4792233607620E-03
 9.6000000000000E-01  4.0000000000000E-01 -6.1325871417549E-03 -3.5928123586387E-02  3.6447752872981E-02  8.9179737896558E-03
 9.6000000000000E-01  4.2000000000000E-01 -6.9175045285511E-03 -4.1738971480368E-02  4.2308316075465E-02  8.3759893399731E-03
 9.6000000000000E-01  4.4000000000000E-01 -7.7929932477414E-03 -4.8275474549255E-02  4.8900431355103E-02  7.8842405584309E-03
 9.6000000000000E-01  4.6000000000000E-01 -8.7649505290692E-03 -5.5611366755492E-02  5.6297854934188E-02  7.4564422648014E-03
 9.6000000000000E-01  4.8000000000000E-01 -9.8384267889042E-03 -6.3822614070852E-02  6.4576471787467E-02  7.1366096845646E-03
 9.6000000000000E-01  5.0000000000000E-01 -1.1017370290103E-02 -7.2985989674718E-02  7.3812852111995E-02  6.9543161193368E-03
 9.6000000000000E-01  5.2000000000000E-01 -1.2304289257807E-02 -8.3177291230544E-02  8.4082443533656E-02  6.9727951093164E-03
 9.6000000000000E-01  5.4000000000000E-01 -1.3699944087145E-02 -9.4469173853544E-02  9.5457389847837E-02  7.2447935365982E-03
 9.6000000000000E-01  5.6000000000000E-01 -1.5203002091179E-02 -1.0692857380174E-01  1.0800394052005E-01  7.8613981750843E-03
 9.6000000000000E-01  5.8000000000000E-01 -1.6809789932305E-02 -1.2061373294862E-01  1.2177947944284E-01  8.9086727960937E-03
 9.6000000000000E-01  6.0000000000000E-01 -1.8514100979297E-02 -1.3557083864424E-01  1.3682917899986E-01  1.0517439275101E-02
 9.6000000000000E-01  6.2000000000000E-01 -2.0307219862586E-02 -1.5183032948386E-01  1.5318234927603E-01  1.2820978467785E-02
 9.6000000000000E-01  6.4000000000000E-01 -2.2178148460122E-02 -1.6940290073920E-01  1.7084850905985E-01  1.6006156596966E-02
 9.6000000000000E-01  6.6000000000000E-01 -2.4114219287401E-02 -1.8827523521992E-01  1.8981322337750E-01  2.0272750313281E-02
 9.6000000000000E-01  6.8000000000000E-01 -2.6102088587110E-02 -2.0840536841260E-01  2.1003360829115E-01  2.5886784308845E-02
 9.6000000000000E-01  7.0000000000000E-01 -2.8129257386675E-02 -2.2971740411318E-01  2.3143323199926E-01  3.3142822509849E-02
 9.6000000000000E-01  7.2000000000000E-01 -3.0185948150117E-02 -2.5209482706834E-01  2.5389563466184E-01  4.2421617528506E-02
 9.6000000000000E-01  7.4000000000000E-01 -3.2266998083707E-02 -2.7537082500753E-01  2.7725484744304E-01  5.4158565841104E-02
 9.6000000000000E-01  7.6000000000000E-01 -3.4372326209390E-02 -2.9931239089022E-01  3.0127954485737E-01  6.8910348785768E-02
 9.6000000000000E-01  7.8000000000000E-01 -3.6502550063126E-02 -3.2359207817985E-01  3.2564439074221E-01  8.7335831358423E-02
 9.6000000000000E-01  8.0000000000000E-01 -3.8641187136048E-02 -3.4773617030401E-01  3.4987652890839E-01  1.1027869784722E-01
 9.6000000000000E-01  8.2000000000000E-01 -4.0704317204108E-02 -3.7102952967002E-01  3.7325561392458E-01  1.3876501733915E-01
 9.6000000000000E-01  8.4000000000000E-01 -4.2415960146504E-02 -3.9234452917226E-01  3.9463064154542E-01  1.7409307289249E-01
 9.6000000000000E-01  8.6000000000000E-01 -4.3023292929067E-02 -4.0984889424214E-01  4.1210086125360E-01  2.1779586213332E-01
 9.6000000000000E-01  8.8000000000000E-01 -4.0687352031444E-02 -4.2053464421245E-01  4.2249834034967E-01  2.7159506033455E-01
 9.6000000000000E-01  9.0000000000000E-01 -3.1249281577510E-02 -4.1950867678536E-01  4.2067094919582E-01  3.3703911872526E-01
 9.6000000000000E-01  9.2000000000000E-01 -5.8156028662296E-03 -3.9932986733652E-01  3.9937221258332E-01  4.1444096472202E-01
 9.6000000000000E-01  9.4000000000000E-01  5.3395996533231E-02 -3.5016559374639E-01  3.5421331918710E-01  5.0062561142288E-01
 9.6000000000000E-01  9.6000000000000E-01  1.7905560872299E-01 -2.5993036889005E-01  3.1563381898409E-01  5.8906630714952E-01
 9.6000000000000E-01  9.8000000000000E-01  4.3876996129097E-01 -1.2708922197322E-01  4.5680493569251E-01  6.5755729871652E-01
 9.6000000000000E-01  1.0000000000000E+00  1.0000000000000E+00  0.0000000000000E+00  1.0000000000000E+00  6.5765138295831E-01
 9.8000000000000E-01  0.0000000000000E+00  0.0000000000000E+00  0.0000000000000E+00  0.0000000000000E+00  1.7008792860832E-02
 9.8000000000000E-01  2.0000000000000E-02 -2.8042348082436E-06  1.6790555720582E-04  1.6792897270411E-04  1.6920052439358E-02
 9.8000000000000E-01  4.0000000000000E-02 -2.3242151247620E-05  2.8535312506367E-04  2.8629810264516E-04  1.6825399395334E-02
 9.8000000000000E-01  6.0000000000000E-02 -7.3422457059194E-05  3.6802610145171E-04  3.7527865453600E-04  1.6632681659781E-02
 9.8000000000000E-01  8.0000000000000E-02 -1.4356506184149E-04  3.6874907908023E-04  3.9571051325946E-04  1.6356607698202E-02
 9.8000000000000E-01  1.0000000000000E-01 -2.2417187123247E-04  2.7048536714754E-04  3.5130522582621E-04  1.6023890351309E-02
 9.8000000000000E-01  1.2000000000000E-01 -3.0911574948005E-04  6.5551964957916E-05  3.1598988383563E-04  1.5634753825141E-02
 9.8000000000000E-01  1.4000000000000E-01 -3.9531538119649E-04 -2.4943510930847E-04  4.6743141140305E-04  1.5210945887028E-02
 9.8000000000000E-01  1.6000000000000E-01 -4.8189513475052E-04 -6.7584010373736E-04  8.3004985796995E-04  1.4747995160246E-02
 9.8000000000000E-01  1.8000000000000E-01 -5.6940744468437E-04 -1.2151112341060E-03  1.3419091434641E-03  1.4261962088409E-02
 9.8000000000000E-01  2.0000000000000E-01 -6.5930611609131E-04 -1.8700653806118E-03  1.9828840315253E-03  1.3743521469910E-02
 9.8000000000000E-01  2.2000000000000E-01 -7.5358994062528E-04 -2.6456998024527E-03  2.7509317045885E-03  1.3204893543660E-02
 9.8000000000000E-01  2.4000000000000E-01 -8.5459750171344E-04 -3.5497049918926E-03  3.6511289239634E-03  1.2634005198618E-02
 9.8000000000000E-01  2.6000000000000E-01 -9.6486683920670E-04 -4.5927878660720E-03  4.6930446833734E-03  1.2041389288772E-02
 9.8000000000000E-01  2.8000000000000E-01 -1.0870681975893E-03 -5.7888715438093E-03  5.8900552643362E-03  1.1414317670523E-02
 9.8000000000000E-01  3.0000000000000E-01 -1.2239491625755E-03 -7.1552208629992E-03  7.2591485141763E-03  1.0763649557577E-02
 9.8000000000000E-01  3.2000000000000E-01 -1.3783189529790E-03 -8.7125173305213E-03  8.8208685156721E-03  1.0077964397194E-02
 9.8000000000000E-01  3.4000000000000E-01 -1.5530229953814E-03 -1.0484901294935E-02  1.0599294108039E-02  9.3704248035505E-03
 9.8000000000000E-01  3.6000000000000E-01 -1.7509416523288E-03 -1.2499986426139E-02  1.2622022711258E-02  8.6329779505877E-03
 9.8000000000000E-01  3.8000000000000E-01 -1.9749682054006E-03 -1.4788847280669E-02  1.4920137509531E-02  7.8833245597683E-03
 9.8000000000000E-01  4.0000000000000E-01 -2.2280021719553E-03 -1.7385974589118E-02  1.7528151816198E-02  7.1192789369899E-03
 9.8000000000000E-01  4.2000000000000E-01 -2.5129142352262E-03 -2.0329186752590E-02  2.0483910075357E-02  6.3659555249320E-03
 9.8000000000000E-01  4.4000000000000E-01 -2.8325198927118E-03 -2.3659484504190E-02  2.3828436288322E-02  5.6303982576178E-03
 9.8000000000000E-01  4.6000000000000E-01 -3.1895193183192E-03 -2.7420827466376E-02  2.7605702534489E-02  4.9491157231831E-03
 9.8000000000000E-01  4.8000000000000E-01 -3.5864426612208E-03 -3.1659815153521E-02  3.1862304789788E-02  4.3431086966864E-03
 9.8000000000000E-01  5.0000000000000E-01 -4.0255614271871E-03 -3.6425246708010E-02  3.6647015465702E-02  3.8658996233548E-03
 9.8000000000000E-01  5.2000000000000E-01 -4.5088099731458E-03 -4.1767545388865E-02  4.2010203703205E-02  3.5590989494883E-03
 9.8000000000000E-01  5.4000000000000E-01 -5.0376842186245E-03 -4.7738028930112E-02  4.8003100612552E-02  3.5010836602696E-03
 9.8000000000000E-01  5.6000000000000E-01 -5.6131703811582E-03 -5.4388029885023E-02  5.4676919047273E-02  3.7632543594398E-03
 9.8000000000000E-01  5.8000000000000E-01 -6.2356820847505E-03 -6.1767872185841E-02  6.2081831202281E-02  4.4595384079504E-03
 9.8000000000000E-01  6.0000000000000E-01 -6.9050735998102E-03 -6.9925747566195E-02  7.0265853827518E-02  5.7035363751443E-03
 9.8000000000000E-01  6.2000000000000E-01 -7.6207274004761E-03 -7.8906547826353E-02  7.9273695359715E-02  7.6591230247229E-03
 9.8000000000000E-01  6.4000000000000E-01 -8.3818115650205E-03 -8.8750763382345E-02  8.9145682823457E-02  1.0498876371432E-02
 9.8000000000000E-01  6.6000000000000E-01 -9.1877445867349E-03 -9.9493583632291E-02  9.9916904648747E-02  1.4456415209754E-02
 9.8000000000000E-01  6.8000000000000E-01 -1.0039019764106E-02 -1.1116440676096E-01  1.1161678748441E-01  1.9787168448357E-02
 9.8000000000000E-01  7.0000000000000E-01 -1.0938503917114E-02 -1.2378699916881E-01  1.2426935274299E-01  2.6824265037873E-02
 9.8000000000000E-01  7.2000000000000E-01 -1.1893453013160E-02 -1.3738060877789E-01  1.3789447375714E-01  3.5944757778911E-02
 9.8000000000000E-01  7.4000000000000E-01 -1.2918413984779E-02 -1.5196229461639E-01  1.5251040752998E-01  4.7634433082682E-02
 9.8000000000000E-01  7.6000000000000E-01 -1.4039105010230E-02 -1.6755055912333E-01  1.6813770050774E-01  6.2468677593449E-02
 9.8000000000000E-01  7.8000000000000E-01 -1.5296594996509E-02 -1.8416966013386E-01  1.8480381363031E-01  8.1201798439125E-02
 9.8000000000000E-01  8.0000000000000E-01 -1.6749017814073E-02 -2.0185217180878E-01  2.0254586853762E-01  1.0478841900477E-01
 9.8000000000000E-01  8.2000000000000E-01 -1.8461985936367E-02 -2.2063260996200E-01  2.2140368900124E-01  1.3453908144381E-01
 9.8000000000000E-01  8.4000000000000E-01 -2.0463501719132E-02 -2.4051388335754E-01  2.4138285562635E-01  1.7224561161263E-01
 9.8000000000000E-01  8.6000000000000E-01 -2.2601177252393E-02 -2.6136849877784E-01  2.6234386855152E-01  2.2048208925511E-01
 9.8000000000000E-01  8.8000000000000E-01 -2.4151290302253E-02 -2.8268361105037E-01  2.8371342721087E-01  2.8291584924635E-01
 9.8000000000000E-01  9.0000000000000E-01 -2.2821526951413E-02 -3.0289593509151E-01  3.0375445607818E-01  3.6483570404240E-01
 9.8000000000000E-01  9.2000000000000E-01 -1.2302349593780E-02 -3.1819632873224E-01  3.1843406134426E-01  4.7292864065115E-01
 9.8000000000000E-01  9.4000000000000E-01  2.3271680394793E-02 -3.2097509346746E-01  3.2181762185257E-01  6.1358026361649E-01
 9.8000000000000E-01  9.6000000000000E-01  1.2100524808692E-01 -2.8897599116290E-01  3.1328803605174E-01  8.0072111030262E-01
 9.8000000000000E-01  9.8000000000000E-01  3.7122576411378E-01 -1.6358890205392E-01  4.0567215435259E-01  1.0390176167175E+00
 9.8000000000000E-01  1.0000000000000E+00  1.0000000000000E+00  0.0000000000000E+00  1.0000000000000E+00  1.0391058490336E+00
 1.0000000000000E+00  0.0000000000000E+00  0.0000000000000E+00  0.0000000000000E+00  0.0000000000000E+00  1.7103337064755E-02
 1.0000000000000E+00  2.0000000000000E-02  0.0000000000000E+00  0.0000000000000E+00  0.0000000000000E+00  1.7008792860832E-02
 1.0000000000000E+00  4.0000000000000E-02  0.0000000000000E+00  0.0000000000000E+00  0.0000000000000E+00  1.6919962186075E-02
 1.0000000000000E+00  6.0000000000000E-02  0.0000000000000E+00  0.0000000000000E+00  0.0000000000000E+00  1.6721439188888E-02
 1.0000000000000E+00  8.0000000000000E-02  0.0000000000000E+00  0.0000000000000E+00  0.0000000000000E+00  1.6451184255534E-02
 1.0000000000000E+00  1.0000000000000E-01  0.0000000000000E+00  0.0000000000000E+00  0.0000000000000E+00  1.6112669037085E-02
 1.0000000000000E+00  1.2000000000000E-01  0.0000000000000E+00  0.0000000000000E+00  0.0000000000000E+00  1.5729349768513E-02
 1.0000000000000E+00  1.4000000000000E-01  0.0000000000000E+00  0.0000000000000E+00  0.0000000000000E+00  1.5299750919003E-02
 1.0000000000000E+00  1.6000000000000E-01  0.0000000000000E+00  0.0000000000000E+00  0.0000000000000E+00  1.4842616273469E-02
 1.0000000000000E+00  1.8000000000000E-01  0.0000000000000E+00  0.0000000000000E+00  0.0000000000000E+00  1.4350797789542E-02
 1.0000000000000E+00  2.0000000000000E-01  0.0000000000000E+00  0.0000000000000E+00  0.0000000000000E+00  1.3838172081659E-02
 1.0000000000000E+00  2.2000000000000E-01  0.0000000000000E+00  0.0000000000000E+00  0.0000000000000E+00  1.3293762680812E-02
 1.0000000000000E+00  2.4000000000000E-01  0.0000000000000E+00  0.0000000000000E+00  0.0000000000000E+00  1.2728688157004E-02
 1.0000000000000E+00  2.6000000000000E-01  0.0000000000000E+00  0.0000000000000E+00  0.0000000000000E+00  1.2130293332611E-02
 1.0000000000000E+00  2.8000000000000E-01  0.0000000000000E+00  0.0000000000000E+00  0.0000000000000E+00  1.1509034657210E-02
 1.0000000000000E+00  3.0000000000000E-01  0.0000000000000E+00  0.0000000000000E+00  0.0000000000000E+00  1.0852588918126E-02
 1.0000000000000E+00  3.2000000000000E-01  0.0000000000000E+00  0.0000000000000E+00  0.0000000000000E+00  1.0172716009749E-02
 1.0000000000000E+00  3.4000000000000E-01  0.0000000000000E+00  0.0000000000000E+00  0.0000000000000E+00  9.4593987438704E-03
 1.0000000000000E+00  3.6000000000000E-01  0.0000000000000E+00  0.0000000000000E+00  0.0000000000000E+00  8.7277634487381E-03
 1.0000000000000E+00  3.8000000000000E-01  0.0000000000000E+00  0.0000000000000E+00  0.0000000000000E+00  7.9723308007883E-03
 1.0000000000000E+00  4.0000000000000E-01  0.0000000000000E+00  0.0000000000000E+00  0.0000000000000E+00  7.2140957259804E-03
 1.0000000000000E+00  4.2000000000000E-01  0.0000000000000E+00  0.0000000000000E+00  0.0000000000000E+00  6.4549896376136E-03
 1.0000000000000E+00  4.4000000000000E-01  0.0000000000000E+00  0.0000000000000E+00  0.0000000000000E+00  5.7252412076791E-03
 1.0000000000000E+00  4.6000000000000E-01  0.0000000000000E+00  0.0000000000000E+00  0.0000000000000E+00  5.0381704028083E-03
 1.0000000000000E+00  4.8000000000000E-01  0.0000000000000E+00  0.0000000000000E+00  0.0000000000000E+00  4.4379693912405E-03
 1.0000000000000E+00  5.0000000000000E-01  0.0000000000000E+00  0.0000000000000E+00  0.0000000000000E+00  3.9549639442922E-03
 1.0000000000000E+00  5.2000000000000E-01  0.0000000000000E+00  0.0000000000000E+00  0.0000000000000E+00  3.6539649771764E-03
 1.0000000000000E+00  5.4000000000000E-01  0.0000000000000E+00  0.0000000000000E+00  0.0000000000000E+00  3.5901424551768E-03
 1.0000000000000E+00  5.6000000000000E-01  0.0000000000000E+00  0.0000000000000E+00  0.0000000000000E+00  3.8581088342312E-03
 1.0000000000000E+00  5.8000000000000E-01  0.0000000000000E+00  0.0000000000000E+00  0.0000000000000E+00  4.5485720049647E-03
 1.0000000000000E+00  6.0000000000000E-01  0.0000000000000E+00  0.0000000000000E+00  0.0000000000000E+00  5.7983579718248E-03
 1.0000000000000E+00  6.2000000000000E-01  0.0000000000000E+00  0.0000000000000E+00  0.0000000000000E+00  7.7481076812783E-03
 1.0000000000000E+00  6.4000000000000E-01  0.0000000000000E+00  0.0000000000000E+00  0.0000000000000E+00  1.0593640254877E-02
 1.0000000000000E+00  6.6000000000000E-01  0.0000000000000E+00  0.0000000000000E+00  0.0000000000000E+00  1.4545324638443E-02
 1.0000000000000E+00  6.8000000000000E-01  0.0000000000000E+00  0.0000000000000E+00  0.0000000000000E+00  1.9881848474337E-02
 1.0000000000000E+00  7.0000000000000E-01  0.0000000000000E+00  0.0000000000000E+00  0.0000000000000E+00  2.6913073338076E-02
 1.0000000000000E+00  7.2000000000000E-01  0.0000000000000E+00  0.0000000000000E+00  0.0000000000000E+00  3.6039330160686E-02
 1.0000000000000E+00  7.4000000000000E-01  0.0000000000000E+00  0.0000000000000E+00  0.0000000000000E+00  4.7723119091825E-02
 1.0000000000000E+00  7.6000000000000E-01  0.0000000000000E+00  0.0000000000000E+00  0.0000000000000E+00  6.2563125806909E-02
 1.0000000000000E+00  7.8000000000000E-01  0.0000000000000E+00  0.0000000000000E+00  0.0000000000000E+00  8.1290350981210E-02
 1.0000000000000E+00  8.0000000000000E-01  0.0000000000000E+00  0.0000000000000E+00  0.0000000000000E+00  1.0488273907565E-01
 1.0000000000000E+00  8.2000000000000E-01  0.0000000000000E+00  0.0000000000000E+00  0.0000000000000E+00  1.3462750427200E-01
 1.0000000000000E+00  8.4000000000000E-01  0.0000000000000E+00  0.0000000000000E+00  0.0000000000000E+00  1.7233981626070E-01
 1.0000000000000E+00  8.6000000000000E-01  0.0000000000000E+00  0.0000000000000E+00  0.0000000000000E+00  2.2057040392234E-01
 1.0000000000000E+00  8.8000000000000E-01  0.0000000000000E+00  0.0000000000000E+00  0.0000000000000E+00  2.8300996900757E-01
 1.0000000000000E+00  9.0000000000000E-01  0.0000000000000E+00  0.0000000000000E+00  0.0000000000000E+00  3.6492394882770E-01
 1.0000000000000E+00  9.2000000000000E-01  0.0000000000000E+00  0.0000000000000E+00  0.0000000000000E+00  4.7302272004927E-01
 1.0000000000000E+00  9.4000000000000E-01  0.0000000000000E+00  0.0000000000000E+00  0.0000000000000E+00  6.1366848612303E-01
 1.0000000000000E+00  9.6000000000000E-01  0.0000000000000E+00  0.0000000000000E+00  0.0000000000000E+00  8.0081519466175E-01
 1.0000000000000E+00  9.8000000000000E-01  0.0000000000000E+00  0.0000000000000E+00  0.0000000000000E+00  1.0391058490336E+00
 1.0000000000000E+00  1.0000000000000E+00  1.0000000000000E+00  0.0000000000000E+00  1.0000000000000E+00  1.0391999557607E+00
